Key	Key_Grade	Key_Name	Key_Grade_Panel
300001	301001	301101	302001
300002	301001	301102	302002
300003	301001	301103	302003
300004	301001	301104	302004
300005	301001	301105	302025
300006	301002	301106	302005
300007	301002	301107	302006
300008	301002	301108	302007
300009	301002	301109	302008
300010	301002	301110	302025
300011	301003	301111	302009
300012	301003	301112	302010
300013	301003	301113	302011
300014	301003	301114	302012
300015	301003	301115	302025
300016	301004	301116	302013
300017	301004	301117	302014
300018	301004	301118	302015
300019	301004	301119	302016
300020	301004	301120	302025
300021	301005	301121	302017
300022	301005	301122	302018
300023	301005	301123	302019
300024	301005	301124	302020
300025	301005	301125	302025
300026	301006	301126	302021
300027	301006	301127	302022
300028	301006	301128	302023
300029	301006	301129	302024
300030	301006	301130	302025
