Key	Key_class	Key_Name
320001	321001	321101
320002	321001	321102
320003	321001	321103
320004	321001	321104
320005	321001	321105
320006	321001	321106
320007	321001	321107
320008	321001	321108
320009	321001	321109
320010	321001	321110
320011	321001	321111
320012	321002	321112
320013	321002	321113
320014	321002	321114
320015	321002	321115
320016	321002	321116
320017	321002	321117
320018	321002	321118
320019	321002	321119
320020	321002	321120
320021	321002	321121
320022	321002	321122
320023	321003	321123
320024	321003	321124
320025	321003	321125
320026	321003	321126
320027	321003	321127
320028	321003	321128
320029	321003	321129
320030	321003	321130
320031	321003	321131
320032	321003	321132
320033	321004	321133
320034	321004	321134
320035	321004	321135
320036	321004	321136
320037	321004	321137
320038	321004	321138
320039	321004	321139
320040	321004	321140
320041	321004	321141
320042	321005	321142
320043	321005	321143
320044	321005	321144
320045	321005	321145
320046	321005	321146
320047	321005	321147
320048	321005	321148
320049	321005	321149
320050	321005	321150